2 0.18698673404927352 0.8290766208251473 0.027795325331648767 0.29862475442043224
2 0.15919140871762477 0.8290766208251473 0.027795325331648767 0.29862475442043224
2 0.13076437144662034 0.8290766208251473 0.027795325331648767 0.29862475442043224
2 0.3379658875552748 0.8290766208251473 0.027795325331648767 0.29862475442043224
2 0.24257738471257106 0.8290766208251473 0.027795325331648767 0.29862475442043224
2 0.2147820593809223 0.8290766208251473 0.027795325331648767 0.29862475442043224
4 0.4497789008212255 0.8290766208251473 0.027795325331648767 0.29862475442043224
4 0.6727732154137713 0.8290766208251473 0.027795325331648767 0.29862475442043224
4 0.6159191408717625 0.8290766208251473 0.027795325331648767 0.29862475442043224
9 0.7302590018951358 0.8290766208251473 0.027795325331648767 0.29862475442043224
0 0.6727732154137713 0.5029469548133595 0.027795325331648767 0.29862475442043224
0 0.3379658875552748 0.5029469548133595 0.027795325331648767 0.29862475442043224
1 0.39418825015792797 0.5029469548133595 0.027795325331648767 0.29862475442043224
1 0.30006317119393555 0.5029469548133595 0.027795325331648767 0.29862475442043224
2 0.4213518635502211 0.5029469548133595 0.027795325331648767 0.29862475442043224
2 0.13076437144662034 0.5029469548133595 0.027795325331648767 0.29862475442043224
3 0.6159191408717625 0.5029469548133595 0.027795325331648767 0.29862475442043224
4 0.6279216677195198 0.5029469548133595 0.027795325331648767 0.29862475442043224
4 0.36576121288692354 0.5029469548133595 0.027795325331648767 0.29862475442043224
4 0.13202779532533165 0.5029469548133595 0.027795325331648767 0.29862475442043224
5 0.9494630448515476 0.5029469548133595 0.027795325331648767 0.29862475442043224
5 0.8856601389766267 0.5029469548133595 0.027795325331648767 0.29862475442043224
5 0.7296272899557802 0.5029469548133595 0.027795325331648767 0.29862475442043224
5 0.24257738471257106 0.5029469548133595 0.027795325331648767 0.29862475442043224
6 0.6171825647504738 0.5029469548133595 0.027795325331648767 0.29862475442043224
6 0.13202779532533165 0.5029469548133595 0.027795325331648767 0.29862475442043224
7 0.4491471888818699 0.5029469548133595 0.027795325331648767 0.29862475442043224
8 0.505369551484523 0.5029469548133595 0.027795325331648767 0.29862475442043224
9 0.5331648768161719 0.5029469548133595 0.027795325331648767 0.29862475442043224
11 0.47694251421351863 0.5029469548133595 0.027795325331648767 0.29862475442043224
0 0.7681617182564751 0.15520628683693516 0.027795325331648767 0.29862475442043224
0 0.8344914718888187 0.15520628683693516 0.027795325331648767 0.29862475442043224
1 0.131396083385976 0.15520628683693516 0.027795325331648767 0.29862475442043224
2 0.8635502210991788 0.15520628683693516 0.027795325331648767 0.29862475442043224
2 0.4636765634870499 0.15520628683693516 0.027795325331648767 0.29862475442043224
2 0.7296272899557802 0.15520628683693516 0.027795325331648767 0.29862475442043224
2 0.6727732154137713 0.15520628683693516 0.027795325331648767 0.29862475442043224
2 0.6165508528111181 0.15520628683693516 0.027795325331648767 0.29862475442043224
2 0.5476942514213519 0.15520628683693516 0.027795325331648767 0.29862475442043224
2 0.5192672141503475 0.15520628683693516 0.027795325331648767 0.29862475442043224
2 0.24257738471257106 0.15520628683693516 0.027795325331648767 0.29862475442043224
4 0.8060644346178143 0.15520628683693516 0.027795325331648767 0.29862475442043224
4 0.6171825647504738 0.15520628683693516 0.027795325331648767 0.29862475442043224
